789
727
789
750
812
789
828
797
867
860
843
821
812
797
797
789
867
828
797
828
828
868
906
844
859
844
836
820
781
828
782
750
843
883
836
891
914
898
938
906
961
891
968
899
1008
906
984
1000
969
1031
992
1071
1078
1078
1031
1078
1047
1039
1078
1032
1109
1023
1102
1070
1125
1086
1102
1101
1086
1118
1023
1117
1094
1062
1125
1047
1071
1015
1078
1016
1102
1046
1079
1078
1054
1102
1055
1023
1094
1015
1086
1071
984
1102
1023
1086
1039
1070
1055
1070
1032
1023
1016
1086
1015
1039
1024
929
1008
1000
992
985
1023
1016
1000
1015
1024
1000
1023
977
1023
993
1015
969
1000
1039
992
1039
1008
969
1000
953
969
1008
992
828
984
961
969
961
961
984
1000
1016
1016
1023
961
1078
1016
1054
1040
1031
1039
1039
922
945
984
1008
1063
1031
1047
1101
1047
1047
1016
1031
977
1000
1007
1016
1008
1008
1031
961
1086
969
1086
1054
1016
1101
1063
992
1055
953
1070
977
1023
1016
914
945
985
976
961
992
914
969
984
1016
914
945
985
890
1040
1000
1015
1055
1055
1085
1016
1070
1071
1062
1039
1016
1101
1094
1047
1055
1023
938
1054
1032
1047
1023
945
977
1000
1000
984
1016
1008
1000
1015
1055
961
1031
1000
969
1062
985
1047
1054
985
1031
992
1024
992
969
1039
969
1016
906
1016
992
945
985
921
969
946
1015
977
906
984
969
984
985
898
930
937
961
930
938
1000
953
922
906
945
922
969
906
945
875
914
860
945
899
859
914
914
914
953
906
938
945
961
906
946
883
898
922
883
883
945
898
899
922
961
914
945
930
898
930
922
898
922
906
922
883
898
930
914
930
937
883
922
938
875
906
945
938
851
945
907
867
891
851
883
883
875
914
844
929
899
890
961
906
875
915
921
961
868
882
938
922
883
914
859
914
859
899
922
843
938
875
922
890
954
867
961
922
953
922
867
922
937
930
867
945
891
891
875
836
867
836
789
851
805
820
860
812
899
882
860
906
875
891
937
953
899
906
859
938
922
945
938
929
875
946
836
929
891
836
890
883
977
1000
898
1008
953
953
867
891
820
961
953
969
844
1000
867
906
930
938
929
922
953
961
930
961
969
1000
961
945
937
938
969
961
890
930
890
985
867
977
937
906
922
883
961
937
922
938
898
930
883
922
914
929
914
899
867
914
805
890
868
914
937
883
977
906
930
914
914
867
937
891
875
875
898
883
899
820
898
883
860
890
875
805
891
867
843
891
922
867
860
906
867
906
907
914
929
961
907
898
883
922
953
945
977
898
906
844
883
867
859
860
890
922
899
984
992
1016
969
906
961
937
969
985
976
984
946
945
977
929
930
859
969
914
953
891
875
914
922
930
914
953
914
937
914
891
930
890
828
891
867
969
898
851
899
914
953
851
930
937
915
914
921
922
844
938
906
875
836
844
875
859
953
930
922
898
938
953
867
961
906
953
891
945
899
898
922
890
938
867
914
953
852
914
898
946
937
883
945
852
891
929
883
875
945
868
882
907
890
891
883
875
929
938
930
906
899
953
906
969
937
891
906
891
890
930
914
867
946
945
883
976
954
921
1008
985
984
937
899
961
922
992
922
1023
930
914
945
922
914
953
953
938
875
891
867
906
875
867
914
875
860
867
875
851
938
945
946
1007
883
945
915
960
868
898
953
946
906
945
953
938
898
985
890
930
898
922
844
914
922
930
914
890
906
922
899
914
890
899
922
914
890
961
891
977
953
867
961
930
875
937
930
922
890
867
899
914
891
867
898
914
914
891
883
875
883
906
875
961
890
883
953
946
906
961
922
945
937
868
898
891
843
907
914
914
890
961
961
930
945
985
914
875
961
890
938
867
906
938
922
882
946
906
945
883
922
906
883
937
922
969
899
992
929
516
1258
867
883
844
851
891
953
867
930
883
914
984
883
961
929
899
976
938
898
954
914
882
899
937
883
1016
937
907
960
938
945
938
922
937
875
930
883
882
915
882
938
930
914
968
946
929
977
859
953
930
930
953
867
992
953
930
953
922
961
891
976
906
868
906
914
852
906
937
899
929
930
930
898
953
922
930
937
891
969
922
914
914
929
899
867
875
899
914
929
899
922
867
914
859
930
953
867
922
914
883
922
921
946
961
898
953
906
899
961
851
930
883
875
844
859
891
890
914
922
883
906
907
859
906
906
891
867
875
953
868
914
937
875
953
899
906
914
875
922
890
883
844
945
891
867
914
883
898
891
906
891
906
922
906
899
937
883
938
890
914
883
875
930
852
890
891
914
867
961
914
930
929
891
898
930
906
883
922
875
899
890
875
867
930
898
907
906
930
945
906
953
899
953
922
898
969
891
906
914
859
883
899
820
867
914
922
906
938
890
922
906
852
930
875
914
906
875
930
914
906
938
914
929
922
945
961
914
977
969
890
1016
930
976
914
969
1039
969
1086
1047
1000
976
953
891
938
890
914
914
907
914
921
922
946
875
906
906
867
891
836
891
875
851
859
813
844
820
852
859
859
844
836
867
883
969
890
938
937
883
953
946
851
953
883
922
883
859
977
914
953
946
984
976
969
938
953
937
914
985
945
953
953
946
922
890
906
938
891
843
867
844
836
867
821
836
789
836
820
836
773
789
789
750
829
835
899
883
890
883
844
859
930
953
1008
969
1047
976
961
930
883
890
922
906
891
891
921
977
969
1047
976
1008
945
929
914
868
1070
961
961
930
945
937
907
976
922
961
914
898
860
883
898
875
875
883
883
906
922
953
930
929
922
946
921
954
914
984
977
929
930
937
993
945
984
985
898
977
968
969
961
945
914
930
938
906
953
906
946
921
954
921
930
969
976
938
961
922
922
953
922
953
883
961
945
946
937
1078
985
914
961
992
890
1000
907
1031
1008
976
1039
1016
1039
1086
1094
1093
1071
1054
1063
1000
1000
961
914
961
867
875
938
820
930
890
906
915
921
891
938
898
898
907
898
899
835
899
820
813
781
812
805
789
774
781
758
765
805
797
766
843
844
828
891
875
914
914
898
969
891
953
867
906
985
1062
1070
1024
1070
1031
1016
953
930
976
938
891
921
969
946
960
946
875
961
953
969
906
976
930
953
891
969
898
953
938
953
914
984
906
946
898
899
914
914
875
890
891
844
945
852
922
929
930
898
946
914
953
883
968
946
914
953
883
945
922
867
914
891
851
875
883
883
852
937
930
851
914
930
898
954
906
945
906
946
914
898
906
883
914
852
945
883
891
937
875
977
883
914
914
882
891
875
813
898
922
898
922
930
883
922
859
922
851
852
875
852
867
820
898
922
891
929
961
914
860
922
914
875
898
875
891
883
859
914
867
922
891
898
859
844
891
867
945
946
914
922
875
914
922
843
907
867
820
852
836
859
797
867
859
914
860
898
883
859
938
851
954
867
961
922
914
922
898
922
914
851
930
906
875
883
828
930
922
883
883
921
875
883
844
820
875
844
922
875
891
875
859
851
891
883
883
883
914
867
929
891
938
914
882
868
906
898
953
891
922
906
914
914
899
914
906
906
852
859
875
852
875
844
875
867
929
868
843
891
883
875
820
860
867
898
867
860
890
852
875
891
906
914
930
890
906
938
875
906
976
844
953
907
882
883
875
852
906
930
867
883
890
953
899
922
922
875
953
945
898
938
953
867
938
906
844
859
922
828
875
860
929
906
883
891
930
921
930
906
907
929
875
938
890
938
953
945
883
906
891
938
898
883
922
851
953
930
891
953
859
930
930
921
868
906
875
914
898
954
921
907
937
860
945
883
898
914
852
883
914
882
930
899
882
868
906
922
922
875
929
883
945
852
945
883
898
907
898
899
890
852
867
867
813
812
828
797
805
859
914
836
914
852
969
898
945
946
929
907
945
851
938
867
899
836
882
883
813
914
843
907
820
867
875
860
843
821
781
828
852
843
844
922
891
882
954
867
875
851
914
883
930
945
906
930
899
968
860
929
922
938
898
867
914
922
914
946
961
914
1000
1015
969
1063
1023
1156
1055
1101
1040
1085
1086
1055
1125
1016
984
969
937
969
922
852
890
1031
1024
992
914
914
867
891
851
860
859
891
836
875
898
860
890
875
906
907
875
976
875
969
891
968
907
914
953
890
938
906
922
914
891
875
851
914
883
899
921
891
930
922
945
945
922
930
953
945
907
937
906
891
875
883
843
891
930
890
961
985
1031
953
930
953
914
891
922
883
953
898
859
883
891
648
922
852
820
813
843
836
844
828
860
804
867
852
844
883
890
883
906
914
914
953
922
953
907
836
906
898
883
977
883
882
961
907
851
899
835
790
828
843
813
836
890
930
899
890
930
883
883
867
922
875
906
883
882
875
867
891
929
860
890
899
929
930
891
968
977
891
961
992
898
930
898
930
914
891
828
875
851
813
844
836
867
890
899
914
945
945
915
906
937
930
891
906
867
930
875
828
890
844
930
937
961
993
960
907
968
954
851
945
891
805
828
875
812
883
883
891
867
937
946
929
907
828
859
977
1039
1015
1000
977
969
929
953
915
906
976
899
976
875
969
953
914
961
922
953
906
922
891
906
906
899
898
907
890
891
898
977
890
946
883
968
891
953
899
921
883
867
907
875
851
938
906
859
852
922
929
954
882
969
953
953
1024
945
898
937
907
922
914
922
906
945
914
930
922
984
945
883
906
883
914
930
836
914
938
906
890
891
859
860
883
796
868
859
859
954
937
906
875
946
843
930
906
875
899
867
883
953
930
898
945
938
945
906
953
915
898
898
899
922
890
938
914
937
914
891
938
953
930
945
953
953
938
953
930
976
938
953
922
976
938
929
891
937
899
914
922
930
898
898
891
844
859
836
844
875
906
906
852
976
899
945
953
946
945
984
953
1000
930
953
985
945
961
984
1008
977
976
1008
953
985
992
929
922
953
868
945
875
867
922
922
1102
1062
1125
1110
1101
1055
1109
1039
1071
968
985
953
1062
1055
1039
1078
1055
1094
1094
1093
1110
1093
1086
1063
1023
1016
1016
1000
1015
1008
969
992
976
961
914
930
969
953
953
961
969
1000
1008
984
1000
922
969
937
977
968
899
984
938
969
929
960
915
937
953
961
969
937
930
938
960
969
922
977
945
977
929
938
929
954
960
922
938
937
914
875
969
938
898
945
899
930
906
890
907
890
907
898
906
922
883
930
906
898
961
938
898
977
937
946
945
883
929
868
929
899
890
875
953
868
914
875
914
844
914
836
898
898
914
891
945
938
914
953
906
953
977
969
906
1000
984
907
945
922
914
875
914
836
891
828
875
836
812
813
804
821
804
688
687
774
789
922
984
852
890
938
929
954
937
906
961
930
922
890
930
899
843
946
945
828
898
907
867
914
898
946
929
961
899
929
899
937
891
953
859
938
914
859
907
914
906
898
891
875
906
899
898
867
867
836
907
882
891
977
945
992
1016
945
930
914
929
907
914
976
961
1016
1008
992
1016
937
922
898
961
946
976
1000
969
1023
1102
953
992
1000
961
1063
1047
1062
1031
1016
1031
977
984
1016
1015
1024
961
1015
1024
1023
984
1047
985
1047
1078
984
1117
1047
1078
1039
1032
1054
1071
992
1070
1039
1055
1078
1023
1047
1039
1071
1000
1093
1055
1008
1086
1023
1031
1024
1062
969
1110
1007
1047
1063
968
1047
1032
1000
1046
985
1086
1031
1008
953
992
844
953
899
937
930
875
875
851
883
891
945
922
906
906
852
859
860
898
992
930
984
985
929
969
899
898
883
922
828
914
844
875
859
883
797
812
844
805
820
859
875
883
867
868
882
836
821
867
844
851
922
906
899
914
914
867
906
875
890
844
789
859
915
945
914
953
992
961
1016
1015
1000
993
984
1023
969
977
976
938
969
929
977
984
969
992
977
992
906
977
906
891
882
844
852
875
929
922
969
969
945
953
930
984
1008
953
1000
953
1008
1039
985
1015
938
1015
1016
969
968
969
1016
984
969
969
898
1008
945
969
1000
961
984
938
1031
977
1007
993
961
1000
960
1000
1016
977
1078
1078
1133
1054
1102
1094
1062
1078
1008
1110
1039
1023
1023
1016
984
1000
1040
898
984
883
883
812
790
750
750
773
734
758
758
734
789
727
734
758
711
711
680
703
703
727
664
687
742
742
727
766
789
758
804
836
813
867
812
774
789
726
719
703
688
672
640
680
641
656
656
664
672
695
735
734
750
742
742
704
632
727
657
648
641
640
625
641
625
625
633
640
618
632
618
625
601
625
625
625
617
641
633
640
641
664
633
680
687
695
680
664
625
680
640
610
625
609
602
578
609
594
594
609
610
609
625
625
625
617
633
656
641
648
641
633
625
601
617
602
617
609
609
610
601
594
610
617
617
617
617
625
617
649
641
671
664
704
687
727
695
680
672
664
656
625
648
641
641
680
718
735
765
774
742
750
758
734
687
680
679
680
664
664
703
703
711
726
711
750
500
867
656
672
633
648
617
649
656
672
695
680
726
844
805
844
812
820
875
813
828
844
765
750
743
671
696
719
687
664
688
687
711
734
719
774
703
758
703
757
735
758
789
773
812
782
781
789
773
750
821
789
812
883
797
867
821
828
797
953
890
914
930
914
914
883
844
898
860
867
867
922
938
914
851
782
781
797
758
804
688
828
750
789
813
765
781
829
812
758
812
797
758
766
805
781
805
804
750
797
781
719
781
719
781
750
782
789
828
820
797
797
812
672
805
726
782
797
805
836
812
774
805
812
789
805
836
836
875
804
860
836
804
821
836
843
875
813
844
882
860
914
883
890
844
898
852
883
851
860
937
922
938
890
922
883
867
867
836
953
891
969
961
968
969
875
953
922
883
1000
914
953
899
1007
938
867
930
953
969
961
1023
961
1000
938
953
929
914
922
867
899
891
953
859
891
867
828
859
821
820
812
836
836
883
867
875
946
945
898
977
867
914
891
851
868
898
836
906
891
805
898
875
836
851
797
836
852
789
851
805
883
812
836
836
930
859
907
922
914
898
852
843
852
976
977
930
945
938
898
930
914
984
992
914
930
977
953
929
969
945
915
968
946
929
961
883
953
867
907
882
914
961
875
1000
985
992
945
992
938
953
906
938
914
984
891
914
937
915
875
914
867
945
930
828
891
875
898
844
758
789
750
766
750
742
766
687
789
711
774
781
750
781
719
805
757
758
758
773
774
781
797
765
797
781
782
773
766
734
695
727
688
671
696
695
734
774
789
773
774
781
789
789
789
766
773
742
766
758
758
765
766
750
758
750
734
758
773
766
766
797
812
797
812
805
805
781
766
765
750
750
750
742
735
742
734
719
719
703
695
703
704
687
711
688
710
696
711
664
719
703
695
711
711
726
774
719
726
711
735
742
765
750
789
782
797
804
774
789
765
789
758
766
758
757
758
727
773
735
742
742
750
703
742
703
782
711
726
719
742
703
711
774
703
804
727
727
789
804
766
742
805
734
727
742
758
742
742
789
781
782
789
758
765
727
781
727
757
774
812
735
828
820
813
859
820
813
781
774
757
727
734
727
797
734
766
812
852
890
844
821
875
835
836
766
781
860
765
821
750
843
907
828
898
914
922
875
891
929
938
898
914
922
961
922
977
875
961
945
898
922
930
945
1086
1039
1008
977
953
867
883
859
781
813
851
766
859
875
813
883
953
976
993
1015
1000
891
984
867
977
883
969
953
929
899
1023
1000
946
882
946
945
945
946
953
937
969
984
907
468
1274
961
867
945
930
914
984
993
968
938
1015
954
992
976
1008
969
875
984
946
945
961
961
929
907
945
984
930
891
882
954
921
954
929
922
938
945
883
969
851
883
844
804
789
883
851
946
914
976
938
883
1007
977
867
906
852
859
868
789
882
883
852
945
875
992
938
914
953
977
945
906
899
828
836
836
804
781
836
789
781
789
797
750
797
797
836
765
868
789
765
813
859
852
890
875
875
891
820
836
766
797
797
789
836
859
867
828
805
835
782
765
789
735
804
735
757
758
735
742
773
735
765
789
805
734
805
828
774
765
781
790
789
773
883
797
836
890
867
844
844
852
773
781
797
820
774
781
805
734
774
750
742
781
758
789
797
726
797
821
820
765
790
804
797
789
766
804
758
727
742
750
750
766
742
773
742
735
750
750
719
726
735
726
727
797
757
813
742
813
750
750
750
750
734
781
750
688
781
719
734
797
750
828
781
789
805
820
766
797
797
804
813
766
812
773
758
789
805
805
781
812
829
765
735
789
742
711
742
727
750
742
765
774
750
797
789
812
797
789
789
781
790
773
742
789
813
726
789
860
804
844
844
844
797
773
797
774
789
765
766
781
828
758
766
812
789
750
524
937
805
734
782
804
766
781
774
781
773
774
781
820
797
774
781
805
820
851
852
906
852
906
883
820
875
860
867
828
875
922
890
860
914
930
898
906
875
875
891
883
843
860
867
875
836
922
851
836
867
852
867
875
852
914
875
860
844
851
875
875
875
820
907
914
953
969
992
1000
976
946
953
922
961
875
898
953
945
907
976
938
945
984
985
976
844
961
899
906
906
891
937
828
930
852
828
820
891
961
960
985
969
984
922
953
891
961
914
929
922
992
969
977
922
984
914
969
868
937
891
820
875
867
844
828
852
820
836
836
851
852
836
906
906
875
868
921
938
898
914
914
883
914
914
922
985
968
868
937
922
859
891
922
836
883
859
852
906
859
867
883
844
859
844
828
828
852
851
805
820
813
844
789
820
836
859
883
899
898
930
961
953
937
985
992
961
1008
914
922
898
875
898
883
883
883
867
930
906
922
922
937
969
969
929
977
961
953
1000
953
945
907
859
875
859
922
922
891
922
890
930
898
907
898
860
875
859
828
797
812
852
812
829
890
860
898
844
906
898
899
836
844
757
813
805
781
797
851
883
867
914
906
836
891
898
829
929
883
938
882
953
907
922
914
851
906
883
946
882
875
899
883
953
875
953
875
906
899
914
929
868
929
930
937
907
859
930
890
907
882
852
930
851
836
899
851
906
891
867
938
922
890
922
914
906
891
922
914
836
867
844
836
883
828
859
906
883
929
907
851
906
860
929
899
883
914
945
852
898
922
914
867
891
883
797
828
820
781
781
790
773
773
797
828
907
875
922
953
851
953
907
851
961
867
883
891
890
868
859
851
844
875
844
828
859
891
891
883
875
851
883
867
820
813
859
860
882
875
891
891
883
914
930
882
914
938
937
907
953
890
868
859
867
860
898
891
937
914
891
820
875
922
953
953
930
976
977
914
945
977
914
914
945
899
883
875
875
898
867
867
922
899
922
945
922
898
922
852
922
875
867
961
914
867
922
930
851
953
946
945
906
969
976
930
961
953
938
968
969
961
953
977
906
906
961
891
961
906
930
937
899
890
907
906
898
867
875
875
907
898
906
914
930
922
961
883
875
867
906
953
907
937
898
946
953
906
953
875
914
985
836
929
907
882
961
914
875
961
868
1000
875
945
953
945
860
945
922
914
945
891
852
875
929
868
921
891
953
922
977
953
890
922
914
946
937
953
899
922
945
875
906
891
922
937
922
914
969
914
906
961
891
922
914
953
890
922
899
906
922
961
867
976
946
937
1000
969
961
961
984
867
977
906
891
976
930
977
961
1031
992
977
1016
1031
1023
1032
1047
992
1078
1047
1031
1031
946
976
1008
953
867
922
953
969
953
938
922
914
937
906
914
985
898
953
946
898
930
976
930
906
977
914
922
1000
961
961
976
985
976
1016
992
977
921
907
890
860
804
836
828
797
805
789
867
891
961
898
930
875
883
836
851
836
875
907
898
937
954
929
953
946
937
844
945
938
914
937
938
930
929
930
937
883
891
930
867
929
922
953
922
1008
977
961
976
953
977
930
914
921
868
937
969
906
985
953
968
930
961
984
961
946
961
929
969
906
946
953
922
945
937
922
953
907
945
867
891
867
891
828
843
852
828
899
851
797
859
836
774
883
828
875
843
821
875
804
813
836
851
821
883
906
906
891
906
883
851
985
992
984
1055
977
1054
969
953
930
922
945
945
930
930
968
907
976
922
867
844
859
868
875
851
828
899
859
820
860
875
828
844
781
773
782
875
960
954
953
929
922
938
859
899
867
812
828
821
804
829
843
891
844
828
898
860
882
899
945
922
891
914
898
961
883
906
844
851
915
835
860
844
843
844
852
836
859
898
883
906
891
922
992
985
937
945
946
976
922
930
976
946
922
914
890
891
860
937
875
914
914
852
937
914
883
922
898
836
899
867
844
867
922
828
930
828
883
898
844
922
929
867
907
883
914
843
868
929
883
906
930
914
906
946
914
914
914
867
922
953
852
921
946
820
914
867
961
899
945
953
953
914
977
898
992
946
961
968
954
985
945
976
946
961
875
914
898
875
899
906
922
898
906
938
883
914
875
898
828
922
867
946
883
929
953
844
906
946
875
906
852
953
882
883
883
813
890
860
828
843
922
953
946
929
930
938
914
898
860
851
899
851
828
789
875
844
828
836
820
899
781
891
906
930
891
898
875
813
945
922
875
937
969
937
985
945
961
953
899
976
938
890
953
915
968
907
937
1000
906
977
898
930
906
867
868
890
867
891
883
875
812
860
836
828
797
875
836
828
836
828
844
867
890
907
898
898
961
875
914
907
914
906
945
875
899
883
773
860
859
899
882
899
891
867
922
890
938
953
953
883
953
914
914
945
899
1000
890
993
929
985
992
945
914
992
891
922
875
906
867
868
859
851
860
851
860
836
875
836
882
883
930
898
883
938
914
914
937
922
922
984
930
985
960
930
1063
1054
1078
1055
1047
976
930
937
907
898
891
890
891
875
883
836
851
844
820
875
922
883
930
945
828
891
945
938
828
922
867
890
891
875
875
930
523
953
1008
984
961
1039
969
961
985
968
938
961
922
968
946
929
914
883
891
890
930
930
922
922
945
906
922
945
930
938
1007
899
1008
976
992
993
953
1031
930
968
985
945
977
953
929
938
984
946
976
977
968
1016
992
961
992
954
984
953
1070
961
1071
1039
1070
1031
1071
1039
1015
1063
1023
1031
1000
1032
1039
1023
1055
1023
1063
1078
1078
1047
1078
1031
1078
1055
1008
1000
969
984
977
937
992
1008
1016
992
1023
1000
953
993
937
1008
945
992
977
1039
984
1047
914
961
953
977
930
984
1000
992
1016
1015
1000
1024
953
1016
968
922
953
946
898
899
859
875
906
899
914
929
961
977
930
898
930
968
961
1008
1024
1054
1039
1063
1086
1062
1024
1008
1023
1008
953
953
984
899
969
882
852
906
899
890
953
1000
1032
1047
1046
1086
1086
1063
1015
1016
1008
1016
929
961
1000
945
969
938
968
1008
969
977
945
976
977
961
922
961
937
969
969
937
938
929
961
954
929
906
954
992
961
992
1078
1023
1032
968
1040
992
1015
1032
1023
976
1008
1023
1047
1039
1032
1039
984
1039
992
993
1023
969
1000
968
1040
1015
992
985
984
969
937
961
899
929
914
782
883
914
968
1000
969
992
922
961
945
930
961
922
922
890
969
938
937
922
984
907
929
930
953
938
953
961
914
961
961
976
946
1015
1000
1016
1007
1032
1015
1008
1063
992
1054
1008
946
937
906
930
906
906
915
859
891
890
899
867
929
836
883
883
875
930
890
938
898
961
985
953
1023
930
945
938
898
852
867
867
914
867
930
953
984
930
969
961
984
985
1039
1000
1070
953
992
1047
1016
984
1031
1000
969
922
914
914
922
859
898
868
882
914
860
945
930
898
930
945
969
906